Frequency	Mag [B/A]	Phase [B-A]
+1.00000000000000E+000	-5.83702327761200E+001	-1.77160271883443E+002
+1.05927102895268E+000	-5.81188810341514E+001	-1.77925942152691E+002
+1.12205511277847E+000	-5.82503608822667E+001	-1.76868092540668E+002
+1.18856047385447E+000	-5.84166347911857E+001	-1.77020180653869E+002
+1.25900767611231E+000	-5.80566528772565E+001	-1.76747765895438E+002
+1.33363035653482E+000	-5.83803561152468E+001	-1.77787173499066E+002
+1.41267600000917E+000	-5.81329479230087E+001	-1.77123574492461E+002
+1.49640676010647E+000	-5.82255482472454E+001	-1.77078201555153E+002
+1.58510032850973E+000	-5.82831503377410E+001	-1.76568694520324E+002
+1.67905085597374E+000	-5.80555537655243E+001	-1.76314624016324E+002
+1.77856992787118E+000	-5.82201088595739E+001	-1.75677760185147E+002
+1.88398759756040E+000	-5.80926856801201E+001	-1.75249188847918E+002
+1.99565348100190E+000	-5.81745786118952E+001	-1.75509320505848E+002
+2.11393791625389E+000	-5.81933026091474E+001	-1.76328580934405E+002
+2.23923319169234E+000	-5.81851592485634E+001	-1.75423845288419E+002
+2.37195484702895E+000	-5.82281252255132E+001	-1.74934590218735E+002
+2.51254305144166E+000	-5.82023365078608E+001	-1.75431891524819E+002
+2.66146406338851E+000	-5.81719272420246E+001	-1.74552520716847E+002
+2.81921177694614E+000	-5.82571048847194E+001	-1.74114046711028E+002
+2.98630935980126E+000	-5.81147694312041E+001	-1.74163702007415E+002
+3.16331098832770E+000	-5.81906798055765E+001	-1.73467564057612E+002
+3.35080368550321E+000	-5.81276927664453E+001	-1.73076126442038E+002
+3.54940926776143E+000	-5.81812532025813E+001	-1.72766042304455E+002
+3.75978640723583E+000	-5.82018423704085E+001	-1.72600825296590E+002
+3.98263281623501E+000	-5.81489295054551E+001	-1.71941171709502E+002
+4.21868756119398E+000	-5.80269231958598E+001	-1.71446320337027E+002
+4.46873351377582E+000	-5.81394878468266E+001	-1.71441407673802E+002
+4.73359994725265E+000	-5.81345121095870E+001	-1.70651797150403E+002
+5.01416528677668E+000	-5.81383028822356E+001	-1.70113435918513E+002
+5.31136002266275E+000	-5.81295098387669E+001	-1.69539489366087E+002
+5.62616979634412E+000	-5.80749440864536E+001	-1.68869808227717E+002
+5.95963866923594E+000	-5.80947919309214E+001	-1.68111189477098E+002
+6.31287258534774E+000	-5.80680049819212E+001	-1.67671141857605E+002
+6.68704303912848E+000	-5.79851745054361E+001	-1.67132441234184E+002
+7.08339096070850E+000	-5.80298976629254E+001	-1.65967100100445E+002
+7.50323083142382E+000	-5.79968585453864E+001	-1.65334018832687E+002
+7.94795504327180E+000	-5.79070920149267E+001	-1.64110956865094E+002
+8.41903851675618E+000	-5.79188052393850E+001	-1.63440749112617E+002
+8.91804359243658E+000	-5.78514948098569E+001	-1.62847890160291E+002
+9.44662521240517E+000	-5.78291423798463E+001	-1.61588710623023E+002
+1.00065364088748E+001	-5.77340361343396E+001	-1.60489827570697E+002
+1.05996341180813E+001	-5.77024533866423E+001	-1.59421299359084E+002
+1.12278853387819E+001	-5.76157609307760E+001	-1.58564710724279E+002
+1.18933736557742E+001	-5.75332683365001E+001	-1.57464555770745E+002
+1.25983061500707E+001	-5.74849828385891E+001	-1.56019383773989E+002
+1.33450207186463E+001	-5.74107477627335E+001	-1.55053378578156E+002
+1.41359938280353E+001	-5.72808585459103E+001	-1.53644737310527E+002
+1.49738487274917E+001	-5.71542686083347E+001	-1.52508897049789E+002
+1.58613641489520E+001	-5.70658650272027E+001	-1.50950483107204E+002
+1.68014835226536E+001	-5.69243821510128E+001	-1.49482292439690E+002
+1.77973247389728E+001	-5.68311330499338E+001	-1.47823754880807E+002
+1.88521904888567E+001	-5.66908064935267E+001	-1.46398944270121E+002
+1.99695792171432E+001	-5.65200650646383E+001	-1.45289273641800E+002
+2.11531967250954E+001	-5.63485417154726E+001	-1.43214694269862E+002
+2.24069684606303E+001	-5.61540316054774E+001	-1.41540101688919E+002
+2.37350525370022E+001	-5.59385357793182E+001	-1.40344638240993E+002
+2.51418535231163E+001	-5.56991534159461E+001	-1.38611385903936E+002
+2.66320370512090E+001	-5.54905481123315E+001	-1.37004663579597E+002
+2.82105452903401E+001	-5.52190711516387E+001	-1.35402711126655E+002
+2.98826133370148E+001	-5.49680656719293E+001	-1.33587658662662E+002
+3.16537865772948E+001	-5.46856780054658E+001	-1.31933104765661E+002
+3.35299390779797E+001	-5.44434718783849E+001	-1.30447046124346E+002
+3.55172930678523E+001	-5.41623065758468E+001	-1.28634458534752E+002
+3.76224395735979E+001	-5.38477986476037E+001	-1.27074873101564E+002
+3.98523602788351E+001	-5.35023161876396E+001	-1.25488629454921E+002
+4.22144506787547E+001	-5.31508070861917E+001	-1.24089073191293E+002
+4.47165446071567E+001	-5.28250117612678E+001	-1.22569617976289E+002
+4.73669402172314E+001	-5.24510484376407E+001	-1.21175536047157E+002
+5.01744275022469E+001	-5.20773829874162E+001	-1.19631271564508E+002
+5.31483174474168E+001	-5.17154953503362E+001	-1.18250739819496E+002
+5.62984729096290E+001	-5.13045585501139E+001	-1.16704358282074E+002
+5.96353413274474E+001	-5.09125695423622E+001	-1.15585820163857E+002
+6.31699893698696E+001	-5.05084860120235E+001	-1.14273418793646E+002
+6.69141396387518E+001	-5.00759659355731E+001	-1.13060763498116E+002
+7.08802095466241E+001	-4.96472012040093E+001	-1.11886137770346E+002
+7.50813524988343E+001	-4.92208739824231E+001	-1.10802550948485E+002
+7.95315015165992E+001	-4.87900869928801E+001	-1.09713574646741E+002
+8.42454154456398E+001	-4.83374527012910E+001	-1.08741523124363E+002
+8.92387279036491E+001	-4.78765742309211E+001	-1.07734971730684E+002
+9.45279991289269E+001	-4.74266887509157E+001	-1.06689610087428E+002
+1.00130770902137E+002	-4.69773798934412E+001	-1.05870697881957E+002
+1.06065624723331E+002	-4.65075958481306E+001	-1.05038523763629E+002
+1.12352243437192E+002	-4.60335501333234E+001	-1.04167877756810E+002
+1.19011476510857E+002	-4.55624288289592E+001	-1.03455292709735E+002
+1.26065409180834E+002	-4.50921327850177E+001	-1.02749876461614E+002
+1.33537435698322E+002	-4.46164992762696E+001	-1.02047968327319E+002
+1.41452336915865E+002	-4.41306613998632E+001	-1.01374618219744E+002
+1.49836362472629E+002	-4.36514788487763E+001	-1.00747221748306E+002
+1.58717317850909E+002	-4.31707178430395E+001	-1.00179559593124E+002
+1.68124656592543E+002	-4.26849952209237E+001	-9.96403948418012E+001
+1.78089577981099E+002	-4.22035780567616E+001	-9.90880191283865E+001
+1.88645130513788E+002	-4.17148887176744E+001	-9.85994879557653E+001
+1.99826321506253E+002	-4.12266290711658E+001	-9.81062529440351E+001
+2.11670233193758E+002	-4.07365411139163E+001	-9.76610644375575E+001
+2.24216145713806E+002	-4.02400263376347E+001	-9.72534489101012E+001
+2.37505667378068E+002	-3.97540145552062E+001	-9.68467772547359E+001
+2.51582872665659E+002	-3.92591497688160E+001	-9.64889203306814E+001
+2.66494448395425E+002	-3.87625204704024E+001	-9.60960184422504E+001
+2.82289848561999E+002	-3.82663703292524E+001	-9.57690284852184E+001
+2.99021458349166E+002	-3.77750114859144E+001	-9.54158134075053E+001
+3.16744767864452E+002	-3.72751989699807E+001	-9.51290790726312E+001
+3.35518556171157E+002	-3.67788012972588E+001	-9.48580208056195E+001
+3.55405086228140E+002	-3.62818953058223E+001	-9.46011806541519E+001
+3.76470311383898E+002	-3.57841026615865E+001	-9.43428992556032E+001
+3.98784094109759E+002	-3.52875047761563E+001	-9.40957716297808E+001
+4.22420437697607E+002	-3.47911072992697E+001	-9.38650499903450E+001
+4.47457731690587E+002	-3.42939417016933E+001	-9.36526124315335E+001
+4.73979011860721E+002	-3.37959475302367E+001	-9.34531071793144E+001
+5.02072235595681E+002	-3.32980723690321E+001	-9.32604957395736E+001
+5.31830573608011E+002	-3.27985185939259E+001	-9.30831795460793E+001
+5.63352718934253E+002	-3.22989286035184E+001	-9.29010550619823E+001
+5.96743214248778E+002	-3.18002134777975E+001	-9.27357714699472E+001
+6.32112798577834E+002	-3.13007106525447E+001	-9.25834995092389E+001
+6.69578774563701E+002	-3.08016903904069E+001	-9.24427888915751E+001
+7.09265397496968E+002	-3.03015313102943E+001	-9.23173286168299E+001
+7.51304287407146E+002	-2.98018051381818E+001	-9.21898816066508E+001
+7.95834865578330E+002	-2.93038917245728E+001	-9.20667472649209E+001
+8.43004816937577E+002	-2.88050146183615E+001	-9.19500776533933E+001
+8.92970579849534E+002	-2.83061348170262E+001	-9.18476119920579E+001
+9.45897864941690E+002	-2.78057709442034E+001	-9.17416802154121E+001
+1.00196220468093E+003	-2.73064985897619E+001	-9.16472169032999E+001
+1.06134953552407E+003	-2.68072037066715E+001	-9.15578252763740E+001
+1.12425681457303E+003	-2.63080502788722E+001	-9.14723277120483E+001
+1.19089267277984E+003	-2.58077344750269E+001	-9.13892251974584E+001
+1.26147810686771E+003	-2.53068317751374E+001	-9.13117131538766E+001
+1.33624721226304E+003	-2.48082655302089E+001	-9.12406044006758E+001
+1.41544795946902E+003	-2.43085368057954E+001	-9.11766880951691E+001
+1.49934301645572E+003	-2.38085578739326E+001	-9.11100274968976E+001
+1.58821061979407E+003	-2.33086265654777E+001	-9.10460113321004E+001
+1.68234549742285E+003	-2.28093566409790E+001	-9.09893223275022E+001
+1.78205984610901E+003	-2.23102537601925E+001	-9.09346886175781E+001
+1.88768436684315E+003	-2.18103296233808E+001	-9.08827924359718E+001
+1.99956936160384E+003	-2.13105570889442E+001	-9.08350511794096E+001
+2.11808589512835E+003	-2.08110156926606E+001	-9.07890864124875E+001
+2.24362702554277E+003	-2.03115433732932E+001	-9.07451257255653E+001
+2.37660910793274E+003	-1.98118328236757E+001	-9.07031135443344E+001
+2.51747317517823E+003	-1.93122441259844E+001	-9.06644772937554E+001
+2.66668640063182E+003	-1.88128003222559E+001	-9.06280544254831E+001
+2.82474364749139E+003	-1.83133073185316E+001	-9.05956224240701E+001
+2.99216911000576E+003	-1.78136567785041E+001	-9.05620130651955E+001
+3.16951805195623E+003	-1.73139005890566E+001	-9.05328365912651E+001
+3.35737864817978E+003	-1.68142978023427E+001	-9.05029567603854E+001
+3.55637393524116E+003	-1.63145404956462E+001	-9.04775577167569E+001
+3.76716387772340E+003	-1.58151861428217E+001	-9.04549275566759E+001
+3.99044755698944E+003	-1.53157108069054E+001	-9.04308299561659E+001
+4.22696548967393E+003	-1.48157049717694E+001	-9.04130919439915E+001
+4.47750208359438E+003	-1.43158292978084E+001	-9.03935873269661E+001
+4.74288823922680E+003	-1.38159367966528E+001	-9.03774069981012E+001
+5.02400410537335E+003	-1.33161859560281E+001	-9.03616215524798E+001
+5.32178199816132E+003	-1.28156531997365E+001	-9.03459765986234E+001
+5.63720949305421E+003	-1.23154400337692E+001	-9.03325112159387E+001
+5.97133270012935E+003	-1.18152649255651E+001	-9.03200455712353E+001
+6.32525973348482E+003	-1.13149691380737E+001	-9.03087167849736E+001
+6.70016438628144E+003	-1.08147272711989E+001	-9.02991376475798E+001
+7.09729002360845E+003	-1.03145290805901E+001	-9.02897881899102E+001
+7.51795370608333E+003	-9.81412323029449E+000	-9.02804472078358E+001
+7.96355055786152E+003	-9.31416903600979E+000	-9.02737119399732E+001
+8.43555839354268E+003	-8.81338808328423E+000	-9.02671517846264E+001
+8.93554261931840E+003	-8.31344188431862E+000	-9.02629790382275E+001
+9.46516142461594E+003	-7.81331307839735E+000	-9.02652318140087E+001
+1.00261712814562E+004	-7.31470299340880E+000	-9.02659682633325E+001
+1.06204327697639E+004	-6.81211558983670E+000	-9.02606406660507E+001
+1.12499167479506E+004	-6.32558686807218E+000	-9.02528542884568E+001
+1.19167108892336E+004	-5.82493224025919E+000	-9.02476827915325E+001
+1.26230266053701E+004	-5.32454773781774E+000	-9.02446533108895E+001
+1.33712063807675E+004	-4.82391420237050E+000	-9.02412169035463E+001
+1.41637315412943E+004	-4.32324849088828E+000	-9.02400512082409E+001
+1.50032304835564E+004	-3.82302512145270E+000	-9.02386893889471E+001
+1.58924873919310E+004	-3.32182952726954E+000	-9.02422975657800E+001
+1.68344514722683E+004	-2.82059705061308E+000	-9.02455808042420E+001
+1.78322467328836E+004	-2.31933330047297E+000	-9.02447838405896E+001
+1.88891823452797E+004	-1.81792556036383E+000	-9.02512426874379E+001
+2.00087636189593E+004	-1.31432641526939E+000	-9.02994905183817E+001
+2.11947036267260E+004	-8.14184987478965E-001	-9.02546379219040E+001
+2.24509355190292E+004	-3.06741949871357E-001	-9.02616091210883E+001
+2.37816255681924E+004	+1.96111204606258E-001	-9.02642377377174E+001
+2.51911869857866E+004	+6.98321324419052E-001	-9.02709432932386E+001
+2.66842945589735E+004	+1.20215569024042E+000	-9.02759474592940E+001
+2.82659001543604E+004	+1.70981273107811E+000	-9.02682785278544E+001
+2.99412491407831E+004	+2.21490328220607E+000	-9.02812751274501E+001
+3.17158977854859E+004	+2.71952167889505E+000	-9.02892301527699E+001
+3.35957316813897E+004	+3.22486342256175E+000	-9.02995725575750E+001
+3.55869852665639E+004	+3.73098049873611E+000	-9.03062067815443E+001
+3.76962625006372E+004	+4.23746594956693E+000	-9.03247615833842E+001
+3.99305587667203E+004	+4.74615175222000E+000	-9.03265989560114E+001
+4.22972840714793E+004	+5.25456742516281E+000	-9.03440898687828E+001
+4.48042876202998E+004	+5.76444525919582E+000	-9.03593293933605E+001
+4.74598838490470E+004	+6.27564944855033E+000	-9.03745653088982E+001
+5.02728799987547E+004	+6.78875355213800E+000	-9.03907448846902E+001
+5.32526053246956E+004	+7.30366132547877E+000	-9.04080873248101E+001
+5.64089420367015E+004	+7.82027046266364E+000	-9.04317501504982E+001
+5.97523580733490E+004	+8.33963918525276E+000	-9.04525159049326E+001
+6.32939418187054E+004	+8.86202644231102E+000	-9.04716861094372E+001
+6.70454388767714E+004	+9.38665199350479E+000	-9.04977643675838E+001
+7.10192910255818E+004	+9.91539481915889E+000	-9.05264724792054E+001
+7.52286774801579E+004	+1.04480642612340E+001	-9.05566211313393E+001
+7.96875586011563E+004	+1.09854523202493E+001	-9.05990585557505E+001
+8.44107221941741E+004	+1.15278853051078E+001	-9.06451593572431E+001
+8.94138325532618E+004	+1.20767264464199E+001	-9.06992193751617E+001
+9.47134824112964E+004	+1.26342965737332E+001	-9.07617289309993E+001
+1.00327247969506E+005	+1.32011687054991E+001	-9.08377775947834E+001
+1.06273747188649E+005	+1.37798928803550E+001	-9.09280008157269E+001
+1.12572701535178E+005	+1.43729764237865E+001	-9.10569642825967E+001
+1.19245001387151E+005	+1.49845318719186E+001	-9.12376274109006E+001
+1.26312775316831E+005	+1.56206133415603E+001	-9.14992370715421E+001
+1.33799463479729E+005	+1.62884645286636E+001	-9.19204917524608E+001
+1.41729895353489E+005	+1.69976196575943E+001	-9.26541861096291E+001
+1.50130372084447E+005	+1.77472163942872E+001	-9.40698759657225E+001
+1.59028753714941E+005	+1.84640018351990E+001	-9.69099642818804E+001
+1.68454551580688E+005	+1.88011157914182E+001	-1.01335135670767E+002
+1.78439026184638E+005	+1.85529837564986E+001	-1.02692837907476E+002
+1.89015290871916E+005	+1.86713008990002E+001	-9.95129708687556E+001
+2.00218421649685E+005	+1.92893633012048E+001	-9.66817002817182E+001
+2.12085573516144E+005	+2.00712455412510E+001	-9.50994703517256E+001
+2.24656103684466E+005	+2.08981592092490E+001	-9.42780166445269E+001
+2.37971702110344E+005	+2.17527167953602E+001	-9.38619115381692E+001
+2.52076529756046E+005	+2.26383864229116E+001	-9.36980331688751E+001
+2.67017365049508E+005	+2.35715174230922E+001	-9.36854970736708E+001
+2.82843759024226E+005	+2.45643058976704E+001	-9.38096136532681E+001
+2.99608199654437E+005	+2.56384242668159E+001	-9.40655035592435E+001
+3.17366285930615E+005	+2.68202846111821E+001	-9.44648439866864E+001
+3.36176912252615E+005	+2.81442861035561E+001	-9.50575681751841E+001
+3.56102463751962E+005	+2.96652492456312E+001	-9.59390884902237E+001
+3.77209023191126E+005	+3.14673820522785E+001	-9.72989088543229E+001
+3.99566590125901E+005	+3.36969856775106E+001	-9.95791096561190E+001
+4.23249313057778E+005	+3.66259109003837E+001	-1.03901485262820E+002
+4.48335735346228E+005	+4.08426161183704E+001	-1.14151744933354E+002
+4.74909055696457E+005	+4.67610263903549E+001	-1.50307854017088E+002
+5.03057404086532E+005	+4.48241461708958E+001	+1.39798341599640E+002
+5.32874134049006E+005	+3.93288209956743E+001	+1.17079455432051E+002
+5.64458132276360E+005	+3.57267337020646E+001	+1.09800089124174E+002
+5.97914146577090E+005	+3.31920268866831E+001	+1.06059619935530E+002
+6.33353133270078E+005	+3.11854984430004E+001	+1.03386991902445E+002
+6.70892625169401E+005	+2.94481306448732E+001	+1.01559146931222E+002
+7.10657121379958E+005	+2.79151780413797E+001	+1.00693494402370E+002
+7.52778500196699E+005	+2.65834306082289E+001	+1.00673056259441E+002
+7.97396456476814E+005	+2.54681274262251E+001	+1.01205439715571E+002
+8.44658964935417E+005	+2.45743654513736E+001	+1.01710211684266E+002
+8.94722770901248E+005	+2.38120716250593E+001	+1.01497207095005E+002
+9.47753910159959E+005	+2.30442098915431E+001	+1.00739005273438E+002
+1.00392825960907E+006	+2.22381524380226E+001	+1.00087803736532E+002
+1.06343212055077E+006	+2.14549953986405E+001	+9.98734067907767E+001
+1.12646283655715E+006	+2.07597492351026E+001	+9.98726533325511E+001
+1.19322944795685E+006	+2.01554918376077E+001	+9.94018907824727E+001
+1.26395338511389E+006	+1.95032013244992E+001	+9.79173158678083E+001
+1.33886920279782E+006	+1.86289235871511E+001	+9.62167677439660E+001
+1.41822535808070E+006	+1.75606141098545E+001	+9.56610403157144E+001
+1.50228503434093E+006	+1.64208253698945E+001	+9.67741661093468E+001
+1.59132701410654E+006	+1.52816317384742E+001	+9.97833887106729E+001
+1.68564660363283E+006	+1.42348244932087E+001	+1.05455216763624E+002
+1.78555661228074E+006	+1.36439644643111E+001	+1.14745587116543E+002
+1.89138838994389E+006	+1.41935906007864E+001	+1.24874336397864E+002
+2.00349292596502E+006	+1.57345006349321E+001	+1.27749216092515E+002
+2.12224201318638E+006	+1.68974874207844E+001	+1.21043658517159E+002
+2.24802948099455E+006	+1.69133527550318E+001	+1.11365940023289E+002
+2.38127250144907E+006	+1.61541844335019E+001	+1.04257432068427E+002
+2.52241297282668E+006	+1.52029910869172E+001	+1.00426935162157E+002
+2.67191898516971E+006	+1.43038184853570E+001	+9.83338989052717E+001
+2.83028637269893E+006	+1.34290602502276E+001	+9.69877742912374E+001
+2.99804035823955E+006	+1.25336634377602E+001	+9.63520589542267E+001
+3.17573729511407E+006	+1.16228319529955E+001	+9.65884460977953E+001
+3.36396651227889E+006	+1.07115894315365E+001	+9.79264613181712E+001
+3.56335226882403E+006	+9.86507916699803E+000	+1.00988181242504E+002
+3.77455582431810E+006	+9.39942301180884E+000	+1.06029678824826E+002
+3.99827763186477E+006	+9.60063821709428E+000	+1.09062736186789E+002
+4.23525966114389E+006	+9.65814401294492E+000	+1.07103192821546E+002
+4.48628785914168E+006	+9.15015005749629E+000	+1.04938640806393E+002
+4.75219475673093E+006	+8.48840621400429E+000	+1.04674459039507E+002
+5.03386222974592E+006	+7.88067608127886E+000	+1.05266343302614E+002
+5.33222442370900E+006	+7.24975886342073E+000	+1.05577772736381E+002
+5.64827085190885E+006	+6.15679859165379E+000	+1.06447767932866E+002
+5.98304967710493E+006	+4.79463991727996E+000	+1.15364919512211E+002
+6.33767118774196E+006	+5.16265835684588E+000	+1.32413549076087E+002
+6.71331148020319E+006	+7.83782089506100E+000	+1.38722139033051E+002
+7.11121635931468E+006	+9.66789526665850E+000	+1.28879177524012E+002
+7.53270547003642E+006	+9.88388538127528E+000	+1.17548390761131E+002
+7.97917667404298E+006	+9.38228089636072E+000	+1.09775671424520E+002
+8.45211068570874E+006	+8.71516900402394E+000	+1.05370381140186E+002
+8.95307598287265E+006	+8.14190080579444E+000	+1.03062659141254E+002
+9.48373400866907E+006	+7.69607518896359E+000	+1.01958766281116E+002
+1.00458446816764E+007	+7.53319617434516E+000	+1.01757758173746E+002
+1.06412722326582E+007	+7.65514714427903E+000	+1.01241084798405E+002
+1.12719913872535E+007	+8.55948556320357E+000	+1.00879435402912E+002
+1.19400939151218E+007	+1.06635508823137E+001	+7.88443214031949E+001
+1.26477955672627E+007	+6.05600328734436E+000	+6.38806289666076E+001
+1.33974434245175E+007	+5.29342289402967E+000	+7.64505812396261E+001
+1.41915236816240E+007	+6.25484777269433E+000	+6.85630552953421E+001
+1.50326698926402E+007	+5.12447623377279E+000	+5.60351286242764E+001
+1.59236717050830E+007	+3.30062450088777E+000	+5.09143899049630E+001
+1.68674841117480E+007	+2.20003606690239E+000	+4.31162959595934E+001
+1.78672372508943E+007	-4.91250608793711E-001	+3.80657283260985E+001
+1.89262467872965E+007	-3.08822901882557E+000	+3.48609487342741E+001
+2.00480249085920E+007	-1.01446059251780E+001	+3.92651772332982E+001
+2.12362919733933E+007	-9.38116994105627E+000	+1.21234773554928E+002
+2.24949888497959E+007	-1.99608436778037E+000	+1.08092656041615E+002
+2.38282899852024E+007	-2.57207633596576E+000	+9.64442564748320E+001
+2.52406172508082E+007	-1.05940009133326E+000	+9.77780810953638E+001
+2.67366546066644E+007	-2.68876554145631E-001	+8.99213134119860E+001
+2.83213636359539E+007	-1.15467019328579E-001	+7.79658455566147E+001
+3.00000000000000E+007	-1.59027037948421E+000	+7.23941330106036E+001
