Frequency	Mag [B/A]	Phase [B-A]
+1.00000000000000E+000	-5.81943230731189E+001	-1.76205909793517E+002
+1.05927102895268E+000	-5.82157951175380E+001	-1.78000224298607E+002
+1.12205511277847E+000	-5.83268544088293E+001	-1.77047258703113E+002
+1.18856047385447E+000	-5.82219851532202E+001	-1.77153177195444E+002
+1.25900767611231E+000	-5.82646989449046E+001	-1.77218501587152E+002
+1.33363035653482E+000	-5.82862065508365E+001	-1.78094148930814E+002
+1.41267600000917E+000	-5.82596879418188E+001	-1.76626791480116E+002
+1.49640676010647E+000	-5.80753658890504E+001	-1.78579397727660E+002
+1.58510032850973E+000	-5.83950692242174E+001	-1.76542733922327E+002
+1.67905085597374E+000	-5.83820369005212E+001	-1.77244418345291E+002
+1.77856992787118E+000	-5.82950457666711E+001	-1.76253177523985E+002
+1.88398759756040E+000	-5.82714254231214E+001	-1.75917440242606E+002
+1.99565348100190E+000	-5.82738146884505E+001	-1.75610641377334E+002
+2.11393791625389E+000	-5.81533237500113E+001	-1.76291373847322E+002
+2.23923319169234E+000	-5.83215008203530E+001	-1.75799639998979E+002
+2.37195484702895E+000	-5.82648829824939E+001	-1.75255870390496E+002
+2.51254305144166E+000	-5.82325198469849E+001	-1.75249609569049E+002
+2.66146406338851E+000	-5.81981358867372E+001	-1.74565272805869E+002
+2.81921177694614E+000	-5.81206683490494E+001	-1.75108792492221E+002
+2.98630935980126E+000	-5.82306180313470E+001	-1.73876344774625E+002
+3.16331098832770E+000	-5.82637815017421E+001	-1.73802608290780E+002
+3.35080368550321E+000	-5.82157661878095E+001	-1.73295736203021E+002
+3.54940926776143E+000	-5.82609472899319E+001	-1.72900053374248E+002
+3.75978640723583E+000	-5.82298716701055E+001	-1.73034762453973E+002
+3.98263281623501E+000	-5.81822804561931E+001	-1.71959871821590E+002
+4.21868756119398E+000	-5.81594240175116E+001	-1.71589928737948E+002
+4.46873351377582E+000	-5.81226067926270E+001	-1.71407316342711E+002
+4.73359994725265E+000	-5.81055187863064E+001	-1.70698235981320E+002
+5.01416528677668E+000	-5.81154863287079E+001	-1.70023074417582E+002
+5.31136002266275E+000	-5.81162849969878E+001	-1.69464767963447E+002
+5.62616979634412E+000	-5.80350270512377E+001	-1.68850587501669E+002
+5.95963866923594E+000	-5.81419793297925E+001	-1.68303212454288E+002
+6.31287258534774E+000	-5.80403060652073E+001	-1.67352736598611E+002
+6.68704303912848E+000	-5.80678259006914E+001	-1.66601796419621E+002
+7.08339096070850E+000	-5.80075627409537E+001	-1.65790508190769E+002
+7.50323083142382E+000	-5.79479550570600E+001	-1.65185830738460E+002
+7.94795504327180E+000	-5.79723757785617E+001	-1.64425239780527E+002
+8.41903851675618E+000	-5.79178745454764E+001	-1.63761618649464E+002
+8.91804359243658E+000	-5.78852086311502E+001	-1.62735697042672E+002
+9.44662521240517E+000	-5.77848795112946E+001	-1.61541153289274E+002
+1.00065364088748E+001	-5.77619295963959E+001	-1.60832231236438E+002
+1.05996341180813E+001	-5.77307384633657E+001	-1.59259766705126E+002
+1.12278853387819E+001	-5.76225967884483E+001	-1.58100862332646E+002
+1.18933736557742E+001	-5.75736593480880E+001	-1.57488549907709E+002
+1.25983061500707E+001	-5.74822546371340E+001	-1.56465554242666E+002
+1.33450207186463E+001	-5.74224574987500E+001	-1.54746332515110E+002
+1.41359938280353E+001	-5.73144060717648E+001	-1.53421736446653E+002
+1.49738487274917E+001	-5.72240832655257E+001	-1.52229219142596E+002
+1.58613641489520E+001	-5.71018255511085E+001	-1.50895991096374E+002
+1.68014835226536E+001	-5.69384343815721E+001	-1.49171204817685E+002
+1.77973247389728E+001	-5.68321603842887E+001	-1.47991056462049E+002
+1.88521904888567E+001	-5.66824993671232E+001	-1.46577842714985E+002
+1.99695792171432E+001	-5.65081713039079E+001	-1.44587547426847E+002
+2.11531967250954E+001	-5.63455578632892E+001	-1.43069624715397E+002
+2.24069684606303E+001	-5.61864877031932E+001	-1.41783541143087E+002
+2.37350525370022E+001	-5.59446062759768E+001	-1.40145333524500E+002
+2.51418535231163E+001	-5.57580912147354E+001	-1.38298536281213E+002
+2.66320370512090E+001	-5.55544509447528E+001	-1.37006694845640E+002
+2.82105452903401E+001	-5.53161195530924E+001	-1.35202249188675E+002
+2.98826133370148E+001	-5.50459970072508E+001	-1.33591616496600E+002
+3.16537865772948E+001	-5.47979215457753E+001	-1.31929640666439E+002
+3.35299390779797E+001	-5.45164947822905E+001	-1.30380160399290E+002
+3.55172930678523E+001	-5.41898410819048E+001	-1.28712105867275E+002
+3.76224395735979E+001	-5.38915955584865E+001	-1.27075302151805E+002
+3.98523602788351E+001	-5.35726387424610E+001	-1.25445954408121E+002
+4.22144506787547E+001	-5.32371945233862E+001	-1.24050265679789E+002
+4.47165446071567E+001	-5.28881082142925E+001	-1.22404541124522E+002
+4.73669402172314E+001	-5.25013161381910E+001	-1.21065857527347E+002
+5.01744275022469E+001	-5.21355578263128E+001	-1.19655242455409E+002
+5.31483174474168E+001	-5.17352633276625E+001	-1.18110440031554E+002
+5.62984729096290E+001	-5.13453313842912E+001	-1.16781933855971E+002
+5.96353413274474E+001	-5.09461263658141E+001	-1.15573661310370E+002
+6.31699893698696E+001	-5.05172022274336E+001	-1.14186031580037E+002
+6.69141396387518E+001	-5.00949172975914E+001	-1.13032885859490E+002
+7.08802095466241E+001	-4.96634141192951E+001	-1.11863771180761E+002
+7.50813524988343E+001	-4.92385361070243E+001	-1.10724233827017E+002
+7.95315015165992E+001	-4.87982188897464E+001	-1.09727708324161E+002
+8.42454154456398E+001	-4.83557919971297E+001	-1.08681960214235E+002
+8.92387279036491E+001	-4.79148218419464E+001	-1.07621752907116E+002
+9.45279991289269E+001	-4.74565118710955E+001	-1.06893855212627E+002
+1.00130770902137E+002	-4.69959374324643E+001	-1.05887417122455E+002
+1.06065624723331E+002	-4.65389550545118E+001	-1.05025729643582E+002
+1.12352243437192E+002	-4.60633697488511E+001	-1.04213100855885E+002
+1.19011476510857E+002	-4.55951194139911E+001	-1.03425759117457E+002
+1.26065409180834E+002	-4.51200411968171E+001	-1.02702008296045E+002
+1.33537435698322E+002	-4.46373960989464E+001	-1.02021510074141E+002
+1.41452336915865E+002	-4.41674642784899E+001	-1.01347482435843E+002
+1.49836362472629E+002	-4.36867423438790E+001	-1.00749528037999E+002
+1.58717317850909E+002	-4.31974651847088E+001	-1.00148106528722E+002
+1.68124656592543E+002	-4.27141343753226E+001	-9.96167966827647E+001
+1.78089577981099E+002	-4.22236291680120E+001	-9.90535866619741E+001
+1.88645130513788E+002	-4.17353571060060E+001	-9.85515041871556E+001
+1.99826321506253E+002	-4.12484057717719E+001	-9.81114518893837E+001
+2.11670233193758E+002	-4.07555186606347E+001	-9.76529081027530E+001
+2.24216145713806E+002	-4.02655421769679E+001	-9.72359675985692E+001
+2.37505667378068E+002	-3.97698618258079E+001	-9.68293891935025E+001
+2.51582872665659E+002	-3.92762060892701E+001	-9.64438516784074E+001
+2.66494448395425E+002	-3.87798237313588E+001	-9.60833300941051E+001
+2.82289848561999E+002	-3.82789702634037E+001	-9.57464014365357E+001
+2.99021458349166E+002	-3.77853248237043E+001	-9.54217764556273E+001
+3.16744767864452E+002	-3.72912083396178E+001	-9.51079448776399E+001
+3.35518556171157E+002	-3.67942160727197E+001	-9.48772904596112E+001
+3.55405086228140E+002	-3.63001386098181E+001	-9.45530330452661E+001
+3.76470311383898E+002	-3.57991437486216E+001	-9.43208618975768E+001
+3.98784094109759E+002	-3.53020349057235E+001	-9.40800568126191E+001
+4.22420437697607E+002	-3.48023858130000E+001	-9.38551956487545E+001
+4.47457731690587E+002	-3.43020910043618E+001	-9.36389634735899E+001
+4.73979011860721E+002	-3.38073807686121E+001	-9.34211742553024E+001
+5.02072235595681E+002	-3.33063128315496E+001	-9.32507602626854E+001
+5.31830573608011E+002	-3.28120987074115E+001	-9.30710791983884E+001
+5.63352718934253E+002	-3.23123723092743E+001	-9.28966794881658E+001
+5.96743214248778E+002	-3.18127803829618E+001	-9.27310825150746E+001
+6.32112798577834E+002	-3.13124809886656E+001	-9.25708677744078E+001
+6.69578774563701E+002	-3.08141520153883E+001	-9.24429245120332E+001
+7.09265397496968E+002	-3.03152480374773E+001	-9.23041536360273E+001
+7.51304287407146E+002	-2.98170137939735E+001	-9.21849007550580E+001
+7.95834865578330E+002	-2.93185096422155E+001	-9.20636166406042E+001
+8.43004816937577E+002	-2.88181685782941E+001	-9.19492080521919E+001
+8.92970579849534E+002	-2.83185859036870E+001	-9.18435371554550E+001
+9.45897864941690E+002	-2.78200084551043E+001	-9.17464610073388E+001
+1.00196220468093E+003	-2.73192262468765E+001	-9.16471483152087E+001
+1.06134953552407E+003	-2.68192766433106E+001	-9.15606003277456E+001
+1.12425681457303E+003	-2.63198276020230E+001	-9.14767945302510E+001
+1.19089267277984E+003	-2.58205970505592E+001	-9.13912965114787E+001
+1.26147810686771E+003	-2.53204266720945E+001	-9.13137280917581E+001
+1.33624721226304E+003	-2.48206905703483E+001	-9.12451680125718E+001
+1.41544795946902E+003	-2.43214149722676E+001	-9.11776073171626E+001
+1.49934301645572E+003	-2.38209734405455E+001	-9.11141294785679E+001
+1.58821061979407E+003	-2.33218893496751E+001	-9.10557856175216E+001
+1.68234549742285E+003	-2.28215732871702E+001	-9.09959651623735E+001
+1.78205984610901E+003	-2.23214929037395E+001	-9.09432817423570E+001
+1.88768436684315E+003	-2.18220974465129E+001	-9.08915871007476E+001
+1.99956936160384E+003	-2.13230396514319E+001	-9.08419706183013E+001
+2.11808589512835E+003	-2.08233440132728E+001	-9.07972263548999E+001
+2.24362702554277E+003	-2.03237093030433E+001	-9.07515833492077E+001
+2.37660910793274E+003	-1.98235197659989E+001	-9.07137031358917E+001
+2.51747317517823E+003	-1.93240309617208E+001	-9.06728209311057E+001
+2.66668640063182E+003	-1.88238699999671E+001	-9.06363712043290E+001
+2.82474364749139E+003	-1.83242498816472E+001	-9.05993689541510E+001
+2.99216911000576E+003	-1.78244670113221E+001	-9.05647355268796E+001
+3.16951805195623E+003	-1.73240643827961E+001	-9.05341948081964E+001
+3.35737864817978E+003	-1.68240105509188E+001	-9.05043160266578E+001
+3.55637393524116E+003	-1.63235482682187E+001	-9.04764291407345E+001
+3.76716387772340E+003	-1.58227753333442E+001	-9.04521552628714E+001
+3.99044755698944E+003	-1.53222227874991E+001	-9.04308871460257E+001
+4.22696548967393E+003	-1.48210930921084E+001	-9.04144912737030E+001
+4.47750208359438E+003	-1.43200951932267E+001	-9.03997332282156E+001
+4.74288823922680E+003	-1.38195766561666E+001	-9.03855853286294E+001
+5.02400410537335E+003	-1.33191633034884E+001	-9.03757141624505E+001
+5.32178199816132E+003	-1.28182102470885E+001	-9.03652209223640E+001
+5.63720949305421E+003	-1.23178230764662E+001	-9.03541880904084E+001
+5.97133270012935E+003	-1.18176049162768E+001	-9.03448239978931E+001
+6.32525973348482E+003	-1.13169644305871E+001	-9.03343510709715E+001
+6.70016438628144E+003	-1.08166989759584E+001	-9.03253227562172E+001
+7.09729002360845E+003	-1.03164107986812E+001	-9.03164749289420E+001
+7.51795370608333E+003	-9.81582556238582E+000	-9.03075913315619E+001
+7.96355055786152E+003	-9.31577145175976E+000	-9.03005515017705E+001
+8.43555839354268E+003	-8.81498308382202E+000	-9.02936463916632E+001
+8.93554261931840E+003	-8.31463773473062E+000	-9.02915906817557E+001
+9.46516142461594E+003	-7.81372666890851E+000	-9.02908847412950E+001
+1.00261712814562E+004	-7.31452127728763E+000	-9.02947382174700E+001
+1.06204327697639E+004	-6.81232090743036E+000	-9.02847899386763E+001
+1.12499167479506E+004	-6.33642227060213E+000	-9.02790429847839E+001
+1.19167108892336E+004	-5.83610979401768E+000	-9.02727085737903E+001
+1.26230266053701E+004	-5.33544945344583E+000	-9.02695134714633E+001
+1.33712063807675E+004	-4.83509686318342E+000	-9.02683385978613E+001
+1.41637315412943E+004	-4.33413705192467E+000	-9.02658642051760E+001
+1.50032304835564E+004	-3.83339335430406E+000	-9.02699209864194E+001
+1.58924873919310E+004	-3.33195150891128E+000	-9.02655019378826E+001
+1.68344514722683E+004	-2.83126651362207E+000	-9.02652943817658E+001
+1.78322467328836E+004	-2.33041626798184E+000	-9.02702005732749E+001
+1.88891823452797E+004	-1.82907409415165E+000	-9.02729112542136E+001
+2.00087636189593E+004	-1.32734483660891E+000	-9.02718065096171E+001
+2.11947036267260E+004	-8.25530150921179E-001	-9.02815519922851E+001
+2.24509355190292E+004	-3.19313999398391E-001	-9.02864162158986E+001
+2.37816255681924E+004	+1.83149336311324E-001	-9.02897766970687E+001
+2.51911869857866E+004	+6.85959153579031E-001	-9.02946544141753E+001
+2.66842945589735E+004	+1.18930055933389E+000	-9.02952479819726E+001
+2.82659001543604E+004	+1.69238327456043E+000	-9.03054975291043E+001
+2.99412491407831E+004	+2.20019404229485E+000	-9.02993935562662E+001
+3.17158977854859E+004	+2.70428825597489E+000	-9.03161506936097E+001
+3.35957316813897E+004	+3.20933699456219E+000	-9.03183326081379E+001
+3.55869852665639E+004	+3.71471586272212E+000	-9.03276738209884E+001
+3.76962625006372E+004	+4.22099175585609E+000	-9.03407855101371E+001
+3.99305587667203E+004	+4.72815793781893E+000	-9.03501130076349E+001
+4.22972840714793E+004	+5.23616606608518E+000	-9.03642788780616E+001
+4.48042876202998E+004	+5.74542655876740E+000	-9.03794397409558E+001
+4.74598838490470E+004	+6.25542819138641E+000	-9.03944807015570E+001
+5.02728799987547E+004	+6.76707007210727E+000	-9.04102299397877E+001
+5.32526053246956E+004	+7.28089215450296E+000	-9.04293121922238E+001
+5.64089420367015E+004	+7.79625292092604E+000	-9.04476949067642E+001
+5.97523580733490E+004	+8.31337703190980E+000	-9.04685783286047E+001
+6.32939418187054E+004	+8.83388530170270E+000	-9.04928431306325E+001
+6.70454388767714E+004	+9.35679962372174E+000	-9.05177627704111E+001
+7.10192910255818E+004	+9.88246772825613E+000	-9.05463208512123E+001
+7.52286774801579E+004	+1.04127412069810E+001	-9.05842701231319E+001
+7.96875586011563E+004	+1.09473172329031E+001	-9.06217133538231E+001
+8.44107221941741E+004	+1.14862796882890E+001	-9.06620079835998E+001
+8.94138325532618E+004	+1.20306536547140E+001	-9.07162980415244E+001
+9.47134824112964E+004	+1.25839343832082E+001	-9.07816157188959E+001
+1.00327247969506E+005	+1.31458453147319E+001	-9.08589814109191E+001
+1.06273747188649E+005	+1.37188827005573E+001	-9.09489270223498E+001
+1.12572701535178E+005	+1.43057559469343E+001	-9.10688234504999E+001
+1.19245001387151E+005	+1.49098845612708E+001	-9.12451254035993E+001
+1.26312775316831E+005	+1.55367729595964E+001	-9.15130354083682E+001
+1.33799463479729E+005	+1.61954187236270E+001	-9.19223223177522E+001
+1.41729895353489E+005	+1.68925188305320E+001	-9.26549546612156E+001
+1.50130372084447E+005	+1.76278991084272E+001	-9.40571322189642E+001
+1.59028753714941E+005	+1.83276644776745E+001	-9.68650586519877E+001
+1.68454551580688E+005	+1.86497735410108E+001	-1.01212238395851E+002
+1.78439026184638E+005	+1.83952485426521E+001	-1.02510819254575E+002
+1.89015290871916E+005	+1.85054493971121E+001	-9.93394118300648E+001
+2.00218421649685E+005	+1.91045551167314E+001	-9.65442039650625E+001
+2.12085573516144E+005	+1.98600971404809E+001	-9.49801445558000E+001
+2.24656103684466E+005	+2.06549317950309E+001	-9.41642510228506E+001
+2.37971702110344E+005	+2.14704486801610E+001	-9.37452895837677E+001
+2.52076529756046E+005	+2.23126754302204E+001	-9.35561354101699E+001
+2.67017365049508E+005	+2.31895926482658E+001	-9.35244270411319E+001
+2.82843759024226E+005	+2.41170914004290E+001	-9.36125940812448E+001
+2.99608199654437E+005	+2.51085249994198E+001	-9.38163395089927E+001
+3.17366285930615E+005	+2.61845432081330E+001	-9.41304847431325E+001
+3.36176912252615E+005	+2.73712739638426E+001	-9.45979590208164E+001
+3.56102463751962E+005	+2.87057732586760E+001	-9.52859778907458E+001
+3.77209023191126E+005	+3.02459070788162E+001	-9.62974910913940E+001
+3.99566590125901E+005	+3.20770083571489E+001	-9.78705187047922E+001
+4.23249313057778E+005	+3.43523663176627E+001	-1.00540496178269E+002
+4.48335735346228E+005	+3.73508800711210E+001	-1.05737664364431E+002
+4.74909055696457E+005	+4.16086872047852E+001	-1.18334770964033E+002
+5.03057404086532E+005	+4.66955998039248E+001	-1.59590296950546E+002
+5.32874134049006E+005	+4.40165219937773E+001	+1.40499371060340E+002
+5.64458132276360E+005	+3.92204831316482E+001	+1.19998504167951E+002
+5.97914146577090E+005	+3.59308180264037E+001	+1.11997810049758E+002
+6.33353133270078E+005	+3.34543920522777E+001	+1.07299118183542E+002
+6.70892625169401E+005	+3.13883479164151E+001	+1.04388349409318E+002
+7.10657121379958E+005	+2.96119690498347E+001	+1.02967106937620E+002
+7.52778500196699E+005	+2.81026024435085E+001	+1.02721354666560E+002
+7.97396456476814E+005	+2.68649549971944E+001	+1.03209130113575E+002
+8.44658964935417E+005	+2.58943309780144E+001	+1.03708107074132E+002
+8.94722770901248E+005	+2.50852089163903E+001	+1.03419006159469E+002
+9.47753910159959E+005	+2.42714238952162E+001	+1.02463987582073E+002
+1.00392825960907E+006	+2.34115356481133E+001	+1.01660761658982E+002
+1.06343212055077E+006	+2.25739331975606E+001	+1.01381743726642E+002
+1.12646283655715E+006	+2.18318996850390E+001	+1.01406645533269E+002
+1.19322944795685E+006	+2.11956643175419E+001	+1.00989054223886E+002
+1.26395338511389E+006	+2.05237345330894E+001	+9.94981575423363E+001
+1.33886920279782E+006	+1.96173286282355E+001	+9.77025551590607E+001
+1.41822535808070E+006	+1.84958337418186E+001	+9.71166175704699E+001
+1.50228503434093E+006	+1.72910899877795E+001	+9.83368264286102E+001
+1.59132701410654E+006	+1.60839887934969E+001	+1.01628713396084E+002
+1.68564660363283E+006	+1.49722716081002E+001	+1.07817102454335E+002
+1.78555661228074E+006	+1.43334865668699E+001	+1.17958294442667E+002
+1.89138838994389E+006	+1.49075754348705E+001	+1.29336016749651E+002
+2.00349292596502E+006	+1.66257266125895E+001	+1.33435134028030E+002
+2.12224201318638E+006	+1.80853969999763E+001	+1.26744111307507E+002
+2.24802948099455E+006	+1.82768215314693E+001	+1.15718961094634E+002
+2.38127250144907E+006	+1.75040917520490E+001	+1.07344924074201E+002
+2.52241297282668E+006	+1.64783183741660E+001	+1.02867053252568E+002
+2.67191898516971E+006	+1.55091149222829E+001	+1.00460730490269E+002
+2.83028637269893E+006	+1.45643573346512E+001	+9.89396266330410E+001
+2.99804035823955E+006	+1.35906972470488E+001	+9.82578905638160E+001
+3.17573729511407E+006	+1.25940698160500E+001	+9.86132551019776E+001
+3.36396651227889E+006	+1.15926134719272E+001	+1.00289314579019E+002
+3.56335226882403E+006	+1.06621904134597E+001	+1.03997208803246E+002
+3.77455582431810E+006	+1.01667339660771E+001	+1.10104516473715E+002
+3.99827763186477E+006	+1.04614779779643E+001	+1.14055452113905E+002
+4.23525966114389E+006	+1.06186405068339E+001	+1.12045970208565E+002
+4.48628785914168E+006	+1.00884135005901E+001	+1.09628411296683E+002
+4.75219475673093E+006	+9.34378922713356E+000	+1.09540051575676E+002
+5.03386222974592E+006	+8.63759986835361E+000	+1.10679322009136E+002
+5.33222442370900E+006	+7.88634649644703E+000	+1.11928192834950E+002
+5.64827085190885E+006	+6.64701061539650E+000	+1.14376027786385E+002
+5.98304967710493E+006	+5.14627173560266E+000	+1.26296132657678E+002
+6.33767118774196E+006	+5.63007807618414E+000	+1.48073352023000E+002
+6.71331148020319E+006	+8.93542776882133E+000	+1.59828407785426E+002
+7.11121635931468E+006	+1.20926512155749E+001	+1.52259475077464E+002
+7.53270547003642E+006	+1.35444973837369E+001	+1.36930121546871E+002
+7.97917667404298E+006	+1.36088747337572E+001	+1.22730145321257E+002
+8.45211068570874E+006	+1.30823097298903E+001	+1.13093288893993E+002
+8.95307598287265E+006	+1.25916086231666E+001	+1.06394854575958E+002
+9.48373400866907E+006	+1.21894007860274E+001	+1.00434141259251E+002
+1.00458446816764E+007	+1.18215402372851E+001	+9.40426730930848E+001
+1.06412722326582E+007	+1.12463799404641E+001	+8.81672475112179E+001
+1.12719913872535E+007	+1.08878577951019E+001	+8.40831523710025E+001
+1.19400939151218E+007	+1.11871057992586E+001	+7.79878947154035E+001
+1.26477955672627E+007	+1.15651140869102E+001	+6.23773348396901E+001
+1.33974434245175E+007	+1.03334270671719E+001	+4.32636873252899E+001
+1.41915236816240E+007	+8.55375624895496E+000	+1.47930334405435E+001
+1.50326698926402E+007	+8.51717294946464E-001	-4.48167579186590E+000
+1.59236717050830E+007	-5.62141461412721E+000	+2.52471989138273E+001
+1.68674841117480E+007	-6.70764164968864E+000	+5.00734722735521E+001
+1.78672372508943E+007	-7.49590619191552E+000	+6.95777967666729E+001
+1.89262467872965E+007	-7.41398153691252E+000	+7.60186694027129E+001
+2.00480249085920E+007	-1.29415465575368E+001	+9.01653870069039E+001
+2.12362919733933E+007	-8.77462627047247E+000	+1.61013742110835E+002
+2.24949888497959E+007	-1.18755940918145E+000	+1.45994271411724E+002
+2.38282899852024E+007	-1.47645045630854E+000	+1.31233013153130E+002
+2.52406172508082E+007	+7.84168283959481E-001	+1.32361331901513E+002
+2.67366546066644E+007	+1.95050641169780E+000	+1.21173126998553E+002
+2.83213636359539E+007	+2.27451769387244E+000	+1.07589660810833E+002
+3.00000000000000E+007	+9.89793839151725E-001	+1.01265315485251E+002
